1766002281935 0.6642482280731201 9
1766002282158 0.6842459440231323 19
1766002282380 0.6757233142852783 29
1766002282595 0.6184897422790527 39
1766002282804 0.5959911346435547 49
1766002283711 0.5895121097564697 59
1766002283924 0.4865018427371979 69
1766002284156 0.510801374912262 79
1766002284393 0.4656147360801697 89
1766002284611 0.45200347900390625 99
1766002285096 0.43756040930747986 109
1766002285340 0.36646974086761475 119
1766002285554 0.4738469123840332 129
1766002285834 0.5222392082214355 139
1766002286050 0.3581814467906952 149
1766002286486 0.32378900051116943 159
1766002286749 0.5014605522155762 169
1766002286959 0.3513302803039551 179
1766002287193 0.41530346870422363 189
1766002287416 0.3856779634952545 199
1766002287777 0.2752182185649872 209
1766002287990 0.32995522022247314 219
1766002288200 0.28802379965782166 229
1766002288429 0.30472975969314575 239
1766002288647 0.5103299021720886 249
