1766002281935 0.0 9
1766002282158 0.0 19
1766002282380 0.0 29
1766002282595 0.0 39
1766002282804 0.0 49
1766002283398 0.0 50
1766002283506 0.0 50
1766002283711 1.0 59
1766002283924 1.0 69
1766002284156 1.0 79
1766002284393 1.0 89
1766002284611 1.0 99
1766002284806 1.0 101
1766002284836 1.0 101
1766002285096 2.0 109
1766002285340 2.0 119
1766002285554 2.0 129
1766002285834 2.0 139
1766002286050 2.0 149
1766002286301 2.0 152
1766002286337 2.0 152
1766002286486 3.0 159
1766002286749 3.0 169
1766002286959 3.0 179
1766002287193 3.0 189
1766002287416 3.0 199
1766002287624 3.0 203
1766002287631 3.0 203
1766002287777 4.0 209
1766002287990 4.0 219
1766002288200 4.0 229
1766002288429 4.0 239
1766002288647 4.0 249
1766002288874 4.0 254
1766002288906 4.0 254
