1766002281913 0.001 9
1766002282129 0.001 19
1766002282357 0.001 29
1766002282574 0.001 39
1766002282783 0.001 49
1766002283688 0.001 59
1766002283902 0.001 69
1766002284130 0.001 79
1766002284369 0.001 89
1766002284588 0.001 99
1766002285072 0.001 109
1766002285319 0.001 119
1766002285531 0.001 129
1766002285813 0.001 139
1766002286027 0.001 149
1766002286464 0.001 159
1766002286726 0.001 169
1766002286937 0.001 179
1766002287160 0.001 189
1766002287394 0.001 199
1766002287756 0.001 209
1766002287967 0.001 219
1766002288178 0.001 229
1766002288398 0.001 239
1766002288624 0.001 249
